loss = 0.0724343831340472
mse = 0.0724343831340472
