loss = 0.22739661236604056
mse = 0.22739661236604056
